A4_WIDTH <- 8.2677165 # 210 mm
A4_HEIGHT <- 11.692913 # 297 mm

LETTER_WIDTH <- 8.5
LETTER_HEIGHT <- 11.0

JACKET_FACE_WIDTH <- 4.139
JACKET_SPINE_WIDTH <- 1.052
JACKET_HEIGHT <- 6.141
JACKET_WIDTH <- 2 * JACKET_FACE_WIDTH + JACKET_SPINE_WIDTH
